1.588845654993515 1.8076335877862597
2.9507133592736703 1.7251908396946565
1.1348897535667963 1.7114503816793891
5.447470817120623 1.5053435114503815
10.214007782101168 1.1480916030534352
15.66147859922179 1.0381679389312977
19.747081712062258 0.8137404580152672
24.74059662775616 0.6305343511450381
30.6420233463035 0.616793893129771
40.17509727626459 0.4519083969465649
35.18158236057069 0.28244274809160297
45.1686121919585 0.250381679389313
49.93514915693904 0.36030534351145027
55.1556420233463 0.24580152671755728
59.46822308690013 0.2137404580152671
64.46173800259403 0.08549618320610697
69.22827496757458 0.1725190839694657
74.6757457846952 -0.11145038167938937
79.6692607003891 -0.3175572519083969
84.66277561608301 -0.12977099236641232
89.2023346303502 -0.3083969465648855
99.64332036316472 -0.1984732824427481
94.87678339818417 -0.38167938931297707
109.85732814526588 -0.5740458015267176
119.16342412451363 -0.4320610687022901
129.3774319066148 -0.5740458015267176
140.04539559014268 -0.7893129770992366
150.25940337224384 -0.583206106870229
159.56549935149155 -0.816793893129771
