0.2225130890052356 4.545454545454546
0.4712041884816754 8.797653958944283
0.680628272251309 14.369501466275661
0.8769633507853403 26.24633431085044
1.0863874345549738 29.03225806451613
1.3350785340314135 27.27272727272727
1.5706806282722514 31.671554252199414
1.7801047120418847 42.22873900293255
2.0026178010471205 47.80058651026393
2.2251308900523563 48.38709677419355
2.4476439790575917 50.733137829912025
2.6570680628272254 53.0791788856305
2.879581151832461 56.89149560117303
3.102094240837696 59.09090909090909
3.31151832460733 59.384164222873906
3.507853403141361 60.26392961876833
3.7565445026178015 60.70381231671554
3.9528795811518327 62.17008797653959
4.214659685863874 63.63636363636363
4.424083769633508 61.73020527859238
4.633507853403142 60.26392961876833
4.816753926701571 60.70381231671554
5.052356020942408 63.489736070381234
5.261780104712042 65.6891495601173
5.484293193717278 67.44868035190615
5.719895287958115 70.52785923753666
5.903141361256544 72.28739002932552
6.112565445026178 73.90029325513197
6.361256544502618 75.0733137829912
6.544502617801047 74.9266862170088
6.793193717277487 76.09970674486803
7.015706806282722 77.56598240469208
7.460732984293194 77.12609970674487
7.879581151832461 77.41935483870968
8.298429319371728 78.59237536656892
