0.237467018469657 44.10480349344978
0.5145118733509234 64.62882096069869
0.7519788918205804 128.38427947598254
1.0686015831134565 148.47161572052403
1.4643799472295516 158.07860262008734
1.7018469656992086 188.646288209607
2.0184696569920844 196.06986899563321
2.4142480211081794 200.87336244541487
2.6517150395778364 214.8471615720524
2.928759894459103 214.8471615720524
3.2849604221635884 215.28384279475983
3.6015831134564644 216.15720524017468
4.5514511873350925 213.97379912663757
5.461741424802112 210.48034934497818
6.4511873350923485 205.24017467248908
7.361477572559367 203.05676855895197
8.350923482849604 200.87336244541487
9.182058047493403 201.7467248908297
10.211081794195252 198.6899563318777
11.12137203166227 196.5065502183406
12.031662269129287 196.5065502183406
13.139841688654354 193.44978165938866
13.970976253298154 191.26637554585153
14.802110817941953 189.51965065502182
15.63324538258575 188.646288209607
16.781002638522427 188.20960698689956
17.691292875989447 186.02620087336246
18.562005277044854 186.02620087336246
19.472295514511874 186.46288209606988
20.422163588390504 183.4061135371179
21.29287598944591 179.9126637554585
22.282321899736147 176.85589519650657
23.192612137203167 183.4061135371179
24.142480211081796 179.9126637554585
