0.4712041884816754 45.22760646108664
0.6675392670157068 67.25403817914831
1.0209424083769634 76.65198237885463
1.0209424083769634 76.65198237885463
1.806282722513089 89.86784140969164
2.0418848167539267 99.26578560939795
2.473821989528796 99.85315712187959
2.8272251308900525 103.08370044052863
3.2198952879581153 104.84581497797356
3.80890052356021 114.53744493392071
4.633507853403141 122.17327459618208
5.340314136125654 126.57856093979443
5.968586387434555 126.87224669603525
6.832460732984293 125.99118942731278
7.539267015706806 126.57856093979443
8.089005235602095 127.7533039647577
8.913612565445026 127.7533039647577
9.581151832460733 128.04698972099854
10.287958115183246 129.22173274596182
11.034031413612565 131.5712187958884
11.701570680628272 132.45227606461088
12.447643979057592 136.8575624082232
13.075916230366492 135.68281938325993
13.821989528795811 133.33333333333331
14.410994764397905 134.2143906020558
15.23560209424084 133.62701908957416
15.942408376963352 135.0954478707783
16.570680628272253 133.0396475770925
17.356020942408378 131.86490455212922
17.945026178010473 136.27019089574156
18.691099476439792 132.15859030837004
19.397905759162306 133.0396475770925
