1.6384915474642394 235.55878084179972
2.379713914174252 234.25253991291726
3.355006501950585 242.0899854862119
4.018205461638492 242.96081277213352
4.876462938881664 241.21915820029028
5.65669700910273 237.7358490566038
6.5149544863459035 230.76923076923077
7.29518855656697 223.36719883889694
8.192457737321197 223.80261248185778
8.972691807542263 223.36719883889694
9.947984395318596 221.1901306240929
10.806241872561769 219.0130624092888
11.547464239271783 215.52975326560232
12.327698309492849 215.52975326560232
13.068920676202861 215.52975326560232
14.044213263979193 213.35268505079824
14.746423927178153 211.17561683599422
15.52665799739922 206.38606676342525
16.42392717815345 205.51523947750366
17.360208062418728 202.90275761973876
18.101430429128737 203.77358490566036
18.881664499349803 206.38606676342525
19.739921976592978 210.74020319303338
20.442132639791936 214.2235123367199
21.495448634590378 210.74020319303338
22.23667100130039 211.17561683599422
23.133940182054616 215.09433962264148
23.75812743823147 215.09433962264148
24.616384915474644 214.6589259796807
25.474642392717815 219.0130624092888
