2.3792160437556973 43.99574920297556
3.309024612579763 57.38575982996812
4.047402005469462 73.96386822529225
4.785779398359161 90.22316684378322
5.633546034639927 102.97555791710946
6.590701914311759 114.13390010626992
7.329079307201458 127.84272051009565
8.094804010938924 126.56748140276302
8.942570647219691 141.87035069075452
9.790337283500456 147.60892667375134
10.638103919781221 152.3910733262487
11.45852324521422 159.4048884165781
12.224247948951687 164.5058448459086
13.017319963536918 165.46227417640807
13.865086599817685 172.4760892667375
14.685505925250682 177.577045696068
15.533272561531449 183.95324123273113
16.326344576116682 188.41657810839533
17.092069279854147 193.51753453772582
17.96718322698268 200.21253985122212
18.842297174111213 198.93730074388947
19.635369188696444 198.93730074388947
20.48313582497721 202.12539851222104
