0.4319371727748691 83.72093023255813
0.9031413612565445 139.97093023255815
1.4136125654450262 166.13372093023256
1.963350785340314 184.44767441860463
2.3952879581151834 202.32558139534882
2.905759162303665 214.09883720930233
3.4162303664921465 218.45930232558138
3.9659685863874343 221.94767441860463
4.397905759162303 221.94767441860463
4.986910994764398 228.05232558139537
5.49738219895288 232.84883720930233
6.007853403141361 235.46511627906975
7.0680628272251305 236.33720930232556
8.010471204188482 230.6686046511628
9.070680628272251 230.6686046511628
10.170157068062826 231.54069767441862
11.112565445026178 229.796511627907
12.133507853403142 226.74418604651163
13.154450261780104 224.56395348837208
14.175392670157068 223.69186046511626
15.19633507853403 219.7674418604651
16.217277486910994 222.38372093023256
17.356020942408378 223.69186046511626
18.219895287958114 222.81976744186045
19.358638743455497 223.25581395348837
20.37958115183246 225.43604651162792
21.439790575916227 224.56395348837208
22.42146596858639 224.12790697674419
