0.6684141546526867 113.76281112737921
1.3761467889908259 148.90190336749635
2.0052424639580604 163.39677891654466
2.7522935779816518 175.69546120058567
3.4600262123197902 180.96632503660322
4.246395806028834 180.96632503660322
4.993446920052425 174.8169838945827
5.740498034076015 172.62079062957542
6.408912188728703 173.49926793557833
7.116644823066841 173.9385065885798
7.82437745740498 172.62079062957542
8.414154652686763 172.18155197657396
9.318479685452163 174.37774524158127
9.947575360419396 176.13469985358714
10.655307994757537 176.13469985358714
11.402359108781127 177.4524158125915
12.149410222804718 175.69546120058567
12.817824377457406 173.9385065885798
13.604193971166447 172.18155197657396
14.311926605504588 176.57393850658858
14.941022280471822 174.37774524158127
15.64875491480996 172.62079062957542
16.51376146788991 171.74231332357246
17.221494102228046 172.18155197657396
17.771952817824378 171.303074670571
18.51900393184797 173.9385065885798
19.1480996068152 170.4245973645681
20.013106159895152 173.49926793557833
20.642201834862384 173.06002928257686
21.50720838794233 178.33089311859442
22.136304062909566 173.06002928257686
