1.21251629726206 157.4561403508772
1.6427640156453716 164.03508771929825
1.8774445893089962 175.87719298245614
2.2294654498044326 186.84210526315792
2.4641460234680572 186.84210526315792
2.7379400260756195 188.15789473684208
3.129074315514994 191.66666666666666
3.4810951760104305 192.54385964912282
3.7157757496740547 192.10526315789474
4.498044328552804 192.10526315789474
4.967405475880052 190.35087719298247
5.749674054758801 185.5263157894737
6.492829204693612 185.08771929824562
7.001303780964799 184.21052631578948
7.705345501955671 182.01754385964912
8.33116036505867 181.57894736842104
9.074315514993481 178.50877192982458
9.621903520208605 176.31578947368422
10.404172099087353 173.24561403508773
11.029986962190353 175.43859649122805
11.538461538461538 177.19298245614036
12.242503259452413 177.19298245614036
12.829204693611473 178.50877192982458
13.572359843546284 179.3859649122807
14.237288135593221 178.0701754385965
14.902216427640157 176.75438596491227
15.410691003911342 176.75438596491227
16.153846153846153 178.94736842105263
16.740547588005214 179.8245614035088
17.366362451108213 178.0701754385965
18.03129074315515 180.70175438596493
18.735332464146026 176.31578947368422
19.36114732724902 176.31578947368422
20.02607561929596 178.50877192982458
20.691003911342897 177.19298245614036
21.277705345501957 179.8245614035088
21.94263363754889 177.6315789473684
